
Graph 1, order 100.
  0 : 22 30 32 43 86 95 98;
  1 : 10 13 18 26 31 67 98;
  2 : 17 26 36 37 42 49 56 95;
  3 : 5 8 12 29 41 50 58 68 77 96;
  4 : 9 15 16 20 24 28 36 56 75 78 80;
  5 : 3 8 9 15 28 58 60 64 66 88 99;
  6 : 46 57 75 81 85 87 99;
  7 : 8 11 15 25 38 41 50 56 62 72 87 88 95 98 99;
  8 : 3 5 7 9 17 19 23 28 30 53 58 75 97;
  9 : 4 5 8 21 25 32 61 85 93;
 10 : 1 26 66 92 99;
 11 : 7 27 38 41 50 64 72 81 94;
 12 : 3 17 18 23 27 42 80 81 82 85 91 99;
 13 : 1 31 50 69 79 83;
 14 : 20 37 57 60 64 66 77 83 91;
 15 : 4 5 7 18 19 23 28 29 50 51 56 86 87 88;
 16 : 4 20 21 27 35 36 53 61 80 93;
 17 : 2 8 12 42 67 69 79 84 87 99;
 18 : 1 12 15 28 47 63 74 96;
 19 : 8 15 21 31 34 37 66 68 80 86 87;
 20 : 4 14 16 24 56 58 63 72 76 81 86 87 90 98;
 21 : 9 16 19 23 25 31 39 46 59 62 74 76 77 87 91 92;
 22 : 0 33 35 54 55 65 74 81 84 91 92;
 23 : 8 12 15 21 42 48 54 79 85 86 95;
 24 : 4 20 26 38 49 51 65 70 78 85 97;
 25 : 7 9 21 30 48 54 60 62 69 70 93 95 97;
 26 : 1 2 10 24 43 52 61 66 80 93;
 27 : 11 12 16 40 44 47 58 63 87;
 28 : 4 5 8 15 18 36 40 45 46 48 56 59 94;
 29 : 3 15 43 48 56 61 70 73 83 85 96;
 30 : 0 8 25 31 41 57 71 79 86;
 31 : 1 13 19 21 30 37 43 57 58 84 93;
 32 : 0 9 52 56 59 64 76 82 85 87 91;
 33 : 22 39 41 87;
 34 : 19 38 72 74 82 99;
 35 : 16 22 38 84 90;
 36 : 2 4 16 28 41 52 53 67 72 79 81 98 99;
 37 : 2 14 19 31 49 52 76 79 87;
 38 : 7 11 24 34 35 43 46 47 50 71 85 91;
 39 : 21 33 57 59 67 70 98 99;
 40 : 27 28 46 50 63 75 98;
 41 : 3 7 11 30 33 36 49 51 55 76 91 94;
 42 : 2 12 17 23 48 78 83;
 43 : 0 26 29 31 38 53 54 61 74 76 95 96;
 44 : 27 47 56 58 70 73 77 82 86 87 89 90 98;
 45 : 28 51 52 57 60 89;
 46 : 6 21 28 38 40 51 72 73 75 76 84 86 98;
 47 : 18 27 38 44 55 63 84 85;
 48 : 23 25 28 29 42 78 89;
 49 : 2 24 37 41 68 73 75 89 94 96;
 50 : 3 7 11 13 15 38 40 51 54 55 56 57 76 90 93;
 51 : 15 24 41 45 46 50 58 60 66 78 83 95;
 52 : 26 32 36 37 45 64 72 77 81 83 94;
 53 : 8 16 36 43 57 59 79;
 54 : 22 23 25 43 50 62 69 72 73 83 96 99;
 55 : 22 41 47 50 70 88 94;
 56 : 2 4 7 15 20 28 29 32 44 50 58 64 66 67 86 96;
 57 : 6 14 30 31 39 45 50 53 60 76 94;
 58 : 3 5 8 20 27 31 44 51 56 65 79 89;
 59 : 21 28 32 39 53 68 70 77 81 96 98;
 60 : 5 14 25 45 51 57 70 73 77 85 87;
 61 : 9 16 26 29 43 65 67 68 71 74 75 88 99;
 62 : 7 21 25 54 68 75 92 96;
 63 : 18 20 27 40 47 74 95;
 64 : 5 11 14 32 52 56 80 93 95;
 65 : 22 24 58 61 92 95 96;
 66 : 5 10 14 19 26 51 56 67 69 70 92;
 67 : 1 17 36 39 56 61 66 77 80 83;
 68 : 3 19 49 59 61 62 69 89 97;
 69 : 13 17 25 54 66 68 76 86 87;
 70 : 24 25 29 39 44 55 59 60 66 78 98 99;
 71 : 30 38 61 78 81 86;
 72 : 7 11 20 34 36 46 52 54 80 95;
 73 : 29 44 46 49 54 60 74 76 89;
 74 : 18 21 22 34 43 61 63 73 78 80 85 86;
 75 : 4 6 8 40 46 49 61 62 87 90 91 94;
 76 : 20 21 32 37 41 43 46 50 57 69 73 86 87 88 90 93 95;
 77 : 3 14 21 44 52 59 60 67 78;
 78 : 4 24 42 48 51 70 71 74 77 80 91 93 96;
 79 : 13 17 23 30 36 37 53 58;
 80 : 4 12 16 19 26 64 67 72 74 78 94;
 81 : 6 11 12 20 22 36 52 59 71 84 87 98;
 82 : 12 32 34 44 88 91 94;
 83 : 13 14 29 42 51 52 54 67 89 90;
 84 : 17 22 31 35 46 47 81 96;
 85 : 6 9 12 23 24 29 32 38 47 60 74;
 86 : 0 15 19 20 23 30 44 46 56 69 71 74 76 87 89 91 92 99;
 87 : 6 7 15 17 19 20 21 27 32 33 37 44 60 69 75 76 81 86 99;
 88 : 5 7 15 55 61 76 82 92;
 89 : 44 45 48 49 58 68 73 83 86 96;
 90 : 20 35 44 50 75 76 83 99;
 91 : 12 14 21 22 32 38 41 75 78 82 86;
 92 : 10 21 22 62 65 66 86 88 93 98;
 93 : 9 16 25 26 31 50 64 76 78 92;
 94 : 11 28 41 49 52 55 57 75 80 82 96;
 95 : 0 2 7 23 25 43 51 63 64 65 72 76;
 96 : 3 18 29 43 49 54 56 59 62 65 78 84 89 94;
 97 : 8 24 25 68 98;
 98 : 0 1 7 20 36 39 40 44 46 59 70 81 92 97;
 99 : 5 6 7 10 12 17 34 36 39 54 61 70 86 87 90;
Graph 1, order 100.
  0 : 22 30 32 43 86 95 98;
  1 : 10 13 18 26 31 67 98;
  2 : 17 26 36 37 42 49 56 95;
  3 : 5 8 12 29 41 50 58 68 77 96;
  4 : 9 15 16 20 24 28 36 56 75 78 80;
  5 : 3 8 9 15 28 58 60 64 66 88 99;
  6 : 46 57 75 81 85 87 99;
  7 : 8 11 15 25 38 41 50 56 62 72 87 88 95 98 99;
  8 : 3 5 7 9 17 19 23 28 30 53 58 75 97;
  9 : 4 5 8 21 25 32 61 85 93;
 10 : 1 26 66 92 99;
 11 : 7 27 38 41 50 64 72 81 94;
 12 : 3 17 18 23 27 42 80 81 82 85 91 99;
 13 : 1 31 50 69 79 83;
 14 : 20 37 57 60 64 66 77 83 91;
 15 : 4 5 7 18 19 23 28 29 50 51 56 86 87 88;
 16 : 4 20 21 27 35 36 53 61 80 93;
 17 : 2 8 12 42 67 69 79 84 87 99;
 18 : 1 12 15 28 47 63 74 96;
 19 : 8 15 21 31 34 37 66 68 80 86 87;
 20 : 4 14 16 24 56 58 63 72 76 81 86 87 90 98;
 21 : 9 16 19 23 25 31 39 46 59 62 74 76 77 87 91 92;
 22 : 0 33 35 54 55 65 74 81 84 91 92;
 23 : 8 12 15 21 42 48 54 79 85 86 95;
 24 : 4 20 26 38 49 51 65 70 78 85 97;
 25 : 7 9 21 30 48 54 60 62 69 70 93 95 97;
 26 : 1 2 10 24 43 52 61 66 80 93;
 27 : 11 12 16 40 44 47 58 63 87;
 28 : 4 5 8 15 18 36 40 45 46 48 56 59 94;
 29 : 3 15 43 48 56 61 70 73 83 85 96;
 30 : 0 8 25 31 41 57 71 79 86;
 31 : 1 13 19 21 30 37 43 57 58 84 93;
 32 : 0 9 52 56 59 64 76 82 85 87 91;
 33 : 22 39 41 87;
 34 : 19 38 72 74 82 99;
 35 : 16 22 38 84 90;
 36 : 2 4 16 28 41 52 53 67 72 79 81 98 99;
 37 : 2 14 19 31 49 52 76 79 87;
 38 : 7 11 24 34 35 43 46 47 50 71 85 91;
 39 : 21 33 57 59 67 70 98 99;
 40 : 27 28 46 50 63 75 98;
 41 : 3 7 11 30 33 36 49 51 55 76 91 94;
 42 : 2 12 17 23 48 78 83;
 43 : 0 26 29 31 38 53 54 61 74 76 95 96;
 44 : 27 47 56 58 70 73 77 82 86 87 89 90 98;
 45 : 28 51 52 57 60 89;
 46 : 6 21 28 38 40 51 72 73 75 76 84 86 98;
 47 : 18 27 38 44 55 63 84 85;
 48 : 23 25 28 29 42 78 89;
 49 : 2 24 37 41 68 73 75 89 94 96;
 50 : 3 7 11 13 15 38 40 51 54 55 56 57 76 90 93;
 51 : 15 24 41 45 46 50 58 60 66 78 83 95;
 52 : 26 32 36 37 45 64 72 77 81 83 94;
 53 : 8 16 36 43 57 59 79;
 54 : 22 23 25 43 50 62 69 72 73 83 96 99;
 55 : 22 41 47 50 70 88 94;
 56 : 2 4 7 15 20 28 29 32 44 50 58 64 66 67 86 96;
 57 : 6 14 30 31 39 45 50 53 60 76 94;
 58 : 3 5 8 20 27 31 44 51 56 65 79 89;
 59 : 21 28 32 39 53 68 70 77 81 96 98;
 60 : 5 14 25 45 51 57 70 73 77 85 87;
 61 : 9 16 26 29 43 65 67 68 71 74 75 88 99;
 62 : 7 21 25 54 68 75 92 96;
 63 : 18 20 27 40 47 74 95;
 64 : 5 11 14 32 52 56 80 93 95;
 65 : 22 24 58 61 92 95 96;
 66 : 5 10 14 19 26 51 56 67 69 70 92;
 67 : 1 17 36 39 56 61 66 77 80 83;
 68 : 3 19 49 59 61 62 69 89 97;
 69 : 13 17 25 54 66 68 76 86 87;
 70 : 24 25 29 39 44 55 59 60 66 78 98 99;
 71 : 30 38 61 78 81 86;
 72 : 7 11 20 34 36 46 52 54 80 95;
 73 : 29 44 46 49 54 60 74 76 89;
 74 : 18 21 22 34 43 61 63 73 78 80 85 86;
 75 : 4 6 8 40 46 49 61 62 87 90 91 94;
 76 : 20 21 32 37 41 43 46 50 57 69 73 86 87 88 90 93 95;
 77 : 3 14 21 44 52 59 60 67 78;
 78 : 4 24 42 48 51 70 71 74 77 80 91 93 96;
 79 : 13 17 23 30 36 37 53 58;
 80 : 4 12 16 19 26 64 67 72 74 78 94;
 81 : 6 11 12 20 22 36 52 59 71 84 87 98;
 82 : 12 32 34 44 88 91 94;
 83 : 13 14 29 42 51 52 54 67 89 90;
 84 : 17 22 31 35 46 47 81 96;
 85 : 6 9 12 23 24 29 32 38 47 60 74;
 86 : 0 15 19 20 23 30 44 46 56 69 71 74 76 87 89 91 92 99;
 87 : 6 7 15 17 19 20 21 27 32 33 37 44 60 69 75 76 81 86 99;
 88 : 5 7 15 55 61 76 82 92;
 89 : 44 45 48 49 58 68 73 83 86 96;
 90 : 20 35 44 50 75 76 83 99;
 91 : 12 14 21 22 32 38 41 75 78 82 86;
 92 : 10 21 22 62 65 66 86 88 93 98;
 93 : 9 16 25 26 31 50 64 76 78 92;
 94 : 11 28 41 49 52 55 57 75 80 82 96;
 95 : 0 2 7 23 25 43 51 63 64 65 72 76;
 96 : 3 18 29 43 49 54 56 59 62 65 78 84 89 94;
 97 : 8 24 25 68 98;
 98 : 0 1 7 20 36 39 40 44 46 59 70 81 92 97;
 99 : 5 6 7 10 12 17 34 36 39 54 61 70 86 87 90;
