88
0(0) 13 -76(0) -53(0) -82(0) -64(0) -70(0) -10(0) -36(0) -14(0) -71(0) -3(0) -61(0) -79(0) -27(0)
1(1) 12 -18(0) -11(0) -32(0) -63(0) -66(0) -43(0) -56(0) -19(0) -7(0) -21(0) -46(0) -30(0)
2(2) 11 -82(0) -78(0) -28(0) -26(0) -6(0) -20(0) -64(0) -54(0) -77(0) -36(0) -35(0)
3(3) 15 -30(0) -54(0) -82(0) -42(0) -47(0) -17(0) -9(0) -23(0) -57(0) -72(0) -60(0) -14(0) -78(0) -81(0) -39(0)
4(4) 14 -35(0) -70(0) -58(0) -18(0) -83(0) -86(0) -26(0) -75(0) -52(0) -61(0) -13(0) -79(0) -36(0) -27(0)
5(5) 15 -68(0) -17(0) -40(0) -71(0) -26(0) -87(0) -24(0) -84(0) -15(0) -31(0) -35(0) -54(0) -83(0) -75(0) -33(0)
6(6) 10 -22(0) -48(0) -25(0) -11(0) -54(0) -61(0) -30(0) -57(0) -83(0) -15(0)
7(7) 15 -37(0) -51(0) -19(0) -10(0) -48(0) -21(0) -26(0) -63(0) -39(0) -25(0) -49(0) -32(0) -27(0) -79(0) -71(0)
8(8) 11 -23(0) -76(0) -18(0) -68(0) -85(0) -36(0) -54(0) -9(0) -59(0) -13(0) -10(0)
9(9) 13 -38(0) -35(0) -81(0) -27(0) -85(0) -53(0) -52(0) -80(0) -44(0) -79(0) -28(0) -34(0) -33(0)
10(10) 13 -80(0) -12(0) -62(0) -32(0) -60(0) -36(0) -47(0) -52(0) -33(0) -79(0) -15(0) -84(0) -56(0)
11(11) 5 -70(0) -56(0) -50(0) -19(0) -40(0)
12(12) 7 -47(0) -76(0) -85(0) -17(0) -37(0) -61(0) -87(0)
13(13) 11 -77(0) -66(0) -19(0) -73(0) -18(0) -50(0) -51(0) -29(0) -23(0) -21(0) -38(0)
14(14) 7 -72(0) -70(0) -79(0) -53(0) -21(0) -18(0) -57(0)
15(15) 13 -23(0) -82(0) -58(0) -76(0) -75(0) -29(0) -71(0) -46(0) -63(0) -83(0) -36(0) -52(0) -77(0)
16(16) 10 -35(0) -86(0) -66(0) -44(0) -61(0) -87(0) -31(0) -68(0) -85(0) -58(0)
17(17) 6 -23(0) -50(0) -53(0) -57(0) -30(0) -77(0)
18(18) 8 -74(0) -71(0) -52(0) -41(0) -46(0) -37(0) -68(0) -53(0)
19(19) 9 -85(0) -21(0) -57(0) -62(0) -64(0) -52(0) -54(0) -86(0) -23(0)
20(20) 14 -30(0) -69(0) -71(0) -77(0) -33(0) -79(0) -34(0) -22(0) -27(0) -53(0) -66(0) -63(0) -31(0) -74(0)
21(21) 9 -50(0) -31(0) -62(0) -66(0) -39(0) -71(0) -42(0) -29(0) -37(0)
22(22) 9 -26(0) -30(0) -74(0) -69(0) -76(0) -51(0) -35(0) -32(0) -46(0)
23(23) 9 -83(0) -72(0) -73(0) -80(0) -39(0) -85(0) -47(0) -71(0) -32(0)
24(24) 7 -74(0) -66(0) -45(0) -53(0) -40(0) -46(0) -55(0)
25(25) 9 -42(0) -50(0) -43(0) -53(0) -31(0) -69(0) -72(0) -81(0) -61(0)
26(26) 11 -53(0) -28(0) -56(0) -52(0) -74(0) -80(0) -81(0) -83(0) -76(0) -39(0) -57(0)
27(27) 5 -51(0) -37(0) -77(0) -87(0) -67(0)
28(28) 7 -59(0) -82(0) -78(0) -62(0) -53(0) -79(0) -29(0)
29(29) 6 -73(0) -71(0) -87(0) -30(0) -68(0) -39(0)
30(30) 8 -87(0) -84(0) -82(0) -45(0) -34(0) -76(0) -43(0) -39(0)
31(31) 5 -62(0) -85(0) -61(0) -76(0) -36(0)
32(32) 11 -82(0) -71(0) -84(0) -73(0) -40(0) -58(0) -80(0) -75(0) -87(0) -41(0) -72(0)
33(33) 7 -47(0) -49(0) -80(0) -52(0) -55(0) -71(0) -76(0)
34(34) 0
35(35) 10 -86(0) -48(0) -45(0) -53(0) -70(0) -66(0) -38(0) -44(0) -46(0) -72(0)
36(36) 7 -50(0) -76(0) -46(0) -73(0) -37(0) -66(0) -74(0)
37(37) 10 -76(0) -54(0) -82(0) -84(0) -80(0) -58(0) -72(0) -86(0) -43(0) -70(0)
38(38) 7 -72(0) -79(0) -60(0) -74(0) -51(0) -71(0) -52(0)
39(39) 9 -50(0) -64(0) -51(0) -57(0) -83(0) -84(0) -42(0) -79(0) -46(0)
40(40) 6 -59(0) -71(0) -84(0) -74(0) -49(0) -87(0)
41(41) 4 -51(0) -54(0) -72(0) -59(0)
42(42) 6 -86(0) -61(0) -70(0) -55(0) -81(0) -82(0)
43(43) 8 -85(0) -68(0) -53(0) -86(0) -80(0) -71(0) -82(0) -73(0)
44(44) 6 -72(0) -79(0) -59(0) -50(0) -64(0) -52(0)
45(45) 2 -56(0) -62(0)
46(46) 11 -74(0) -79(0) -58(0) -64(0) -59(0) -73(0) -75(0) -80(0) -54(0) -60(0) -61(0)
47(47) 5 -74(0) -69(0) -84(0) -87(0) -56(0)
48(48) 4 -49(0) -56(0) -60(0) -75(0)
49(49) 3 -69(0) -61(0) -62(0)
50(50) 5 -54(0) -82(0) -79(0) -72(0) -83(0)
51(51) 5 -78(0) -75(0) -70(0) -60(0) -83(0)
52(52) 2 -79(0) -84(0)
53(53) 8 -71(0) -55(0) -65(0) -72(0) -58(0) -56(0) -62(0) -77(0)
54(54) 3 -70(0) -83(0) -81(0)
55(55) 11 -72(0) -68(0) -70(0) -59(0) -77(0) -62(0) -79(0) -64(0) -83(0) -80(0) -67(0)
56(56) 3 -63(0) -65(0) -61(0)
57(57) 3 -71(0) -76(0) -80(0)
58(58) 6 -78(0) -66(0) -76(0) -64(0) -71(0) -63(0)
59(59) 4 -87(0) -78(0) -81(0) -68(0)
60(60) 3 -75(0) -70(0) -62(0)
61(61) 3 -71(0) -82(0) -64(0)
62(62) 2 -78(0) -73(0)
63(63) 3 -83(0) -82(0) -74(0)
64(64) 2 -72(0) -69(0)
65(65) 2 -67(0) -72(0)
66(66) 2 -82(0) -67(0)
67(67) 3 -82(0) -74(0) -70(0)
68(68) 1 -78(0)
69(69) 5 -78(0) -85(0) -84(0) -70(0) -83(0)
70(70) 3 -80(0) -74(0) -73(0)
71(71) 1 -80(0)
72(72) 3 -86(0) -78(0) -73(0)
73(73) 2 -77(0) -81(0)
74(74) 3 -79(0) -76(0) -75(0)
75(75) 1 -80(0)
76(76) 2 -85(0) -84(0)
77(77) 3 -80(0) -81(0) -84(0)
78(78) 0
79(79) 2 -84(0) -86(0)
80(80) 2 -81(0) -87(0)
81(81) 1 -85(0)
82(82) 1 -85(0)
83(83) 0
84(84) 0
85(85) 1 -86(0)
86(86) 0
87(87) 0