87
0(0) 1 -72(0)
1(1) 2 -47(0) -25(0)
2(2) 1 -74(0)
3(3) 0
4(4) 3 -10(0) -78(0) -61(0)
5(5) 2 -32(0) -6(0)
6(6) 0
7(7) 1 -50(0)
8(8) 2 -10(0) -18(0)
9(9) 2 -47(0) -76(0)
10(10) 1 -48(0)
11(11) 4 -26(0) -43(0) -32(0) -58(0)
12(12) 2 -71(0) -77(0)
13(13) 3 -53(0) -85(0) -32(0)
14(14) 1 -64(0)
15(15) 1 -31(0)
16(16) 2 -59(0) -75(0)
17(17) 0
18(18) 1 -40(0)
19(19) 1 -30(0)
20(20) 1 -36(0)
21(21) 2 -57(0) -59(0)
22(22) 2 -83(0) -25(0)
23(23) 0
24(24) 3 -47(0) -33(0) -25(0)
25(25) 1 -36(0)
26(26) 0
27(27) 3 -39(0) -75(0) -58(0)
28(28) 0
29(29) 1 -50(0)
30(30) 0
31(31) 1 -71(0)
32(32) 2 -75(0) -34(0)
33(33) 0
34(34) 1 -68(0)
35(35) 0
36(36) 0
37(37) 0
38(38) 2 -75(0) -49(0)
39(39) 3 -77(0) -46(0) -62(0)
40(40) 1 -79(0)
41(41) 2 -73(0) -58(0)
42(42) 1 -55(0)
43(43) 1 -50(0)
44(44) 3 -48(0) -47(0) -80(0)
45(45) 0
46(46) 0
47(47) 0
48(48) 0
49(49) 0
50(50) 0
51(51) 1 -59(0)
52(52) 0
53(53) 1 -67(0)
54(54) 0
55(55) 1 -69(0)
56(56) 0
57(57) 1 -68(0)
58(58) 2 -79(0) -86(0)
59(59) 1 -64(0)
60(60) 0
61(61) 1 -68(0)
62(62) 0
63(63) 1 -78(0)
64(64) 1 -80(0)
65(65) 0
66(66) 1 -84(0)
67(67) 0
68(68) 0
69(69) 1 -70(0)
70(70) 0
71(71) 0
72(72) 0
73(73) 0
74(74) 0
75(75) 0
76(76) 0
77(77) 0
78(78) 0
79(79) 0
80(80) 0
81(81) 1 -83(0)
82(82) 0
83(83) 0
84(84) 0
85(85) 0
86(86) 0